VD-199: 0.4961434304714203
VD-200: 0.4961434304714203
VD-201: 0.4961434304714203
VD-202: 0.4961434304714203
VD-203: 0.6503840088844299
VD-205: 0.6503840088844299
VD-206: 0.4961434304714203
VD-209: 0.6680145263671875
VD-210: 0.4961434304714203
VD-238: 0.5081474781036377
VD-239: 0.6173297166824341
VD-241: 0.6503840088844299
VD-246: 0.774071455001831
VD-248: 0.774071455001831
VD-253: 0.7024790048599243
VD-254: 0.7024790048599243
VD-255: 0.5756309032440186
VD-256: 0.6503840088844299
VD-257: 0.5290505290031433
VD-259: 0.09756223112344742
VD-260: 0.99405437707901
VD-261: 0.9685006141662598
VD-262: 0.618852436542511
VD-263: 0.5614402294158936
VD-265: 0.6574284434318542
VD-269: 0.6010375618934631
VD-270: 0.5008525848388672
VD-271: 0.575635552406311
VD-272: 0.5457737445831299
VD-274: 0.6108307838439941
VD-275: 0.6140179634094238
VD-276: 0.6053033471107483
VD-277: 0.6081287264823914
VD-278: 0.9663469791412354
VD-280: 0.503982424736023
VD-282: 0.39487165212631226
VD-283: 0.5788946151733398
VD-285: 0.9975892305374146
VD-288: 0.5031127333641052
VD-289: 0.5802331566810608
VD-290: 0.581347644329071
VD-291: 0.4654558300971985
VD-292: 0.6084122657775879
VD-295: 0.6278371214866638
VD-299: 0.4975586235523224
VD-301: 0.7972412705421448
VD-302: 0.6742113828659058
VD-304: 0.5318781137466431
VD-306: 0.4373653829097748
VD-307: 0.4788943827152252
VD-308: 0.4499363899230957
VD-310: 0.6660624742507935
VD-315: 0.6291767358779907
VD-320: 0.6694207787513733
VD-322: 0.9609882831573486
VD-324: 0.9408441781997681
VD-329: 0.7849791049957275
VD-331: 0.9408441781997681
VD-314: 0.5318781137466431
VD-317: 0.4373653829097748
VD-321: 0.6742113828659058
VD-325: 0.42700839042663574
VD-330: 0.3889661431312561
VD-332: 0.6184060573577881
VD-336: 0.6646219491958618
VD-347: 0.501708984375
VD-349: 0.5636800527572632
VD-334: 0.6577033400535583
VD-346: 0.5990087389945984
VD-356: 0.5100083947181702
VD-358: 0.5483409762382507
VD-361: 0.4676356613636017
VD-363: 0.5550207495689392
VD-364: 0.5550245046615601
VD-365: 0.5550508499145508
VD-366: 0.5550169944763184
VD-367: 0.5549453496932983
VD-368: 0.5549453496932983
